TPAR
20160216.2100 0.79 12.7 115 30

20160217.0000 0.79 12.7 115 30
20160217.0300 0.81 12.5 125 30
20160217.0600 0.83 11.9 140 30
20160217.0900 0.86 11.8 155 30
20160217.1200 0.90 11.6 165 30
20160217.1500 0.96 12.0 175 30
20160217.1800 1.08 12.7 179 30
20160217.2100 1.21 12.6 180 30

20160218.0000 1.28 11.7 180 30
20160218.0300 1.29 11.6 181 30
20160218.0600 1.28 11.0 181 30
20160218.0900 1.27 10.5 181 30
20160218.1200 1.24 10.5 181 30
20160218.1500 1.20 10.4 180 30
20160218.1800 1.15 10.3 180 30
20160218.2100 1.10 10.0 180 30

20160219.0000 1.05 9.9 180 30
20160219.0300 1.00 9.7 180 30
20160219.0600 0.97 9.5 179 30
20160219.0900 0.96 9.5 175 30
20160219.1200 0.95 9.2 170 30
20160219.1500 0.92 8.8 168 30
20160219.1800 0.90 8.7 160 30
20160219.2100 0.89 8.7 130 30

20160220.0000 0.87 8.7 120 30
20160220.0300 0.84 8.7 110 30
20160220.0600 0.83 8.8 105 30
20160220.0900 0.81 8.9 105 30
20160220.1200 0.79 8.9 105 30
20160220.1500 0.78 8.7 105 30
20160220.1800 0.81 8.5 100 30
20160220.2100 0.89 11.5 93 30

20160221.0000 0.98 7.1 91 30
20160221.0300 1.08 7.1 90 30
20160221.0600 1.12 7.0 90 30
20160221.0900 1.08 7.0 91 30
20160221.1200 1.05 7.0 91 30
20160221.1500 1.03 7.0 92 30
20160221.1800 1.04 7.0 91 30
20160221.2100 1.04 7.0 92 30